M = [9 43 5 6 -1;
    14 15 -7 -5 4;
    -8 -6 12 -5 -9;
    -5 -6 -4 9 8;
    13 14 15 3 11];