M = [0 -3 9;
    2 1 -7;
    -1 4 -5;
    1 -4 -2];

