M = [7 5 9 -9;
    5 6 4 -4;
    4 8 0 7;
    -6 -6 6 5];

% kjør rref(M)