A = [3 4 -7 0;
    5 -8 7 4;
    6 -8 6 4;
    9 -7 -2 0];

b = transpose([4 -4 -4 -7]);