M = [2 4 -2 8 -8; 0 0 -4 4 4; -4 2 0 8 0; -6 -4 1 -3 0; 0 4 -7 15 1];

