N = [1 0 0 0 0 0 0;
     0 1 0 0 0 0 0;
     -1 0 2 0 0 0 0;
     0 -3 0 4 0 0 0;
     1 0 -8 0 8 0 0;
     0 5 0 -20 0 16 0;
     -1 0 18 0 -48 0 32];
 
 